Wavelength = 1.54059 Å (Cu)
18.0	738.0
18.02	701.0
18.04	706.0
18.06	703.0
18.08	673.0
18.1	675.0
18.12	692.0
18.14	706.0
18.16	666.0
18.18	723.0
18.2	676.0
18.22	672.0
18.24	753.0
18.26	727.0
18.28	671.0
18.3	721.0
18.32	698.0
18.34	708.0
18.36	721.0
18.38	729.0
18.4	734.0
18.42	717.0
18.44	708.0
18.46	737.0
18.48	664.0
18.5	708.0
18.52	679.0
18.54	702.0
18.56	676.0
18.58	697.0
18.6	689.0
18.62	645.0
18.64	623.0
18.66	629.0
18.68	659.0
18.7	668.0
18.72	658.0
18.74	711.0
18.76	706.0
18.78	667.0
18.8	704.0
18.82	715.0
18.84	665.0
18.86	654.0
18.88	663.0
18.9	659.0
18.92	696.0
18.94	650.0
18.96	674.0
18.98	633.0
19.0	699.0
19.02	675.0
19.04	670.0
19.06	716.0
19.08	694.0
19.1	647.0
19.12	692.0
19.14	663.0
19.16	656.0
19.18	670.0
19.2	653.0
19.22	659.0
19.24	645.0
19.26	661.0
19.28	664.0
19.3	643.0
19.32	609.0
19.34	615.0
19.36	647.0
19.38	639.0
19.4	645.0
19.42	651.0
19.44	654.0
19.46	624.0
19.48	619.0
19.5	639.0
19.52	669.0
19.54	679.0
19.56	659.0
19.58	619.0
19.6	626.0
19.62	574.0
19.64	605.0
19.66	648.0
19.68	587.0
19.7	578.0
19.72	604.0
19.74	643.0
19.76	586.0
19.78	628.0
19.8	614.0
19.82	579.0
19.84	645.0
19.86	674.0
19.88	589.0
19.9	605.0
19.92	590.0
19.94	647.0
19.96	649.0
19.98	618.0
20.0	591.0
20.02	612.0
20.04	620.0
20.06	641.0
20.08	613.0
20.1	623.0
20.12	637.0
20.14	604.0
20.16	615.0
20.18	689.0
20.2	699.0
20.22	753.0
20.24	818.0
20.26	798.0
20.28	947.0
20.3	944.0
20.32	920.0
20.34	916.0
20.36	844.0
20.38	783.0
20.4	719.0
20.42	650.0
20.44	681.0
20.46	598.0
20.48	638.0
20.5	569.0
20.52	586.0
20.54	588.0
20.56	567.0
20.58	611.0
20.6	593.0
20.62	549.0
20.64	583.0
20.66	608.0
20.68	584.0
20.7	626.0
20.72	584.0
20.74	562.0
20.76	509.0
20.78	582.0
20.8	591.0
20.82	584.0
20.84	521.0
20.86	597.0
20.88	521.0
20.9	557.0
20.92	558.0
20.94	561.0
20.96	559.0
20.98	520.0
21.0	542.0
21.02	546.0
21.04	523.0
21.06	549.0
21.08	519.0
21.1	515.0
21.12	560.0
21.14	529.0
21.16	509.0
21.18	556.0
21.2	534.0
21.22	509.0
21.24	514.0
21.26	494.0
21.28	491.0
21.3	519.0
21.32	508.0
21.34	531.0
21.36	512.0
21.38	508.0
21.4	516.0
21.42	480.0
21.44	494.0
21.46	540.0
21.48	549.0
21.5	526.0
21.52	463.0
21.54	505.0
21.56	498.0
21.58	525.0
21.6	469.0
21.62	526.0
21.64	520.0
21.66	494.0
21.68	515.0
21.7	500.0
21.72	520.0
21.74	493.0
21.76	495.0
21.78	521.0
21.8	501.0
21.82	498.0
21.84	474.0
21.86	526.0
21.88	502.0
21.9	496.0
21.92	475.0
21.94	525.0
21.96	500.0
21.98	501.0
22.0	483.0
22.02	513.0
22.04	483.0
22.06	517.0
22.08	487.0
22.1	481.0
22.12	457.0
22.14	506.0
22.16	457.0
22.18	517.0
22.2	469.0
22.22	485.0
22.24	462.0
22.26	468.0
22.28	429.0
22.3	482.0
22.32	501.0
22.34	470.0
22.36	480.0
22.38	471.0
22.4	486.0
22.42	443.0
22.44	448.0
22.46	445.0
22.48	438.0
22.5	483.0
22.52	463.0
22.54	489.0
22.56	465.0
22.58	472.0
22.6	463.0
22.62	437.0
22.64	473.0
22.66	429.0
22.68	494.0
22.7	453.0
22.72	438.0
22.74	448.0
22.76	449.0
22.78	450.0
22.8	460.0
22.82	490.0
22.84	439.0
22.86	430.0
22.88	471.0
22.9	486.0
22.92	455.0
22.94	441.0
22.96	465.0
22.98	417.0
23.0	457.0
23.02	430.0
23.04	465.0
23.06	421.0
23.08	430.0
23.1	443.0
23.12	415.0
23.14	401.0
23.16	496.0
23.18	468.0
23.2	444.0
23.22	414.0
23.24	420.0
23.26	410.0
23.28	416.0
23.3	434.0
23.32	461.0
23.34	414.0
23.36	420.0
23.38	404.0
23.4	447.0
23.42	402.0
23.44	440.0
23.46	429.0
23.48	401.0
23.5	406.0
23.52	411.0
23.54	420.0
23.56	376.0
23.58	400.0
23.6	487.0
23.62	414.0
23.64	396.0
23.66	429.0
23.68	433.0
23.7	457.0
23.72	411.0
23.74	431.0
23.76	391.0
23.78	416.0
23.8	413.0
23.82	388.0
23.84	409.0
23.86	375.0
23.88	408.0
23.9	402.0
23.92	385.0
23.94	412.0
23.96	417.0
23.98	404.0
24.0	407.0
24.02	375.0
24.04	415.0
24.06	386.0
24.08	376.0
24.1	391.0
24.12	415.0
24.14	388.0
24.16	391.0
24.18	385.0
24.2	422.0
24.22	402.0
24.24	392.0
24.26	379.0
24.28	420.0
24.3	392.0
24.32	363.0
24.34	380.0
24.36	382.0
24.38	354.0
24.4	379.0
24.42	363.0
24.44	404.0
24.46	371.0
24.48	347.0
24.5	384.0
24.52	386.0
24.54	394.0
24.56	392.0
24.58	398.0
24.6	391.0
24.62	389.0
24.64	398.0
24.66	399.0
24.68	351.0
24.7	367.0
24.72	379.0
24.74	404.0
24.76	400.0
24.78	378.0
24.8	399.0
24.82	361.0
24.84	368.0
24.86	397.0
24.88	385.0
24.9	352.0
24.92	354.0
24.94	365.0
24.96	368.0
24.98	378.0
25.0	355.0
25.02	362.0
25.04	380.0
25.06	349.0
25.08	349.0
25.1	353.0
25.12	351.0
25.14	339.0
25.16	361.0
25.18	399.0
25.2	376.0
25.22	380.0
25.24	393.0
25.26	363.0
25.28	385.0
25.3	343.0
25.32	352.0
25.34	323.0
25.36	380.0
25.38	388.0
25.4	343.0
25.42	346.0
25.44	371.0
25.46	401.0
25.48	373.0
25.5	361.0
25.52	359.0
25.54	380.0
25.56	356.0
25.58	368.0
25.6	339.0
25.62	364.0
25.64	325.0
25.66	333.0
25.68	355.0
25.7	378.0
25.72	318.0
25.74	312.0
25.76	325.0
25.78	335.0
25.8	329.0
25.82	347.0
25.84	362.0
25.86	360.0
25.88	349.0
25.9	318.0
25.92	369.0
25.94	338.0
25.96	327.0
25.98	379.0
26.0	342.0
26.02	357.0
26.04	348.0
26.06	361.0
26.08	342.0
26.1	356.0
26.12	327.0
26.14	303.0
26.16	359.0
26.18	351.0
26.2	359.0
26.22	315.0
26.24	343.0
26.26	351.0
26.28	305.0
26.3	304.0
26.32	332.0
26.34	306.0
26.36	318.0
26.38	340.0
26.4	324.0
26.42	283.0
26.44	327.0
26.46	348.0
26.48	328.0
26.5	311.0
26.52	326.0
26.54	340.0
26.56	309.0
26.58	313.0
26.6	305.0
26.62	314.0
26.64	317.0
26.66	337.0
26.68	307.0
26.7	320.0
26.72	291.0
26.74	294.0
26.76	284.0
26.78	352.0
26.8	306.0
26.82	270.0
26.84	328.0
26.86	303.0
26.88	306.0
26.9	341.0
26.92	316.0
26.94	327.0
26.96	283.0
26.98	278.0
27.0	293.0
27.02	307.0
27.04	271.0
27.06	336.0
27.08	319.0
27.1	303.0
27.12	302.0
27.14	306.0
27.16	302.0
27.18	296.0
27.2	285.0
27.22	295.0
27.24	284.0
27.26	315.0
27.28	295.0
27.3	284.0
27.32	318.0
27.34	330.0
27.36	324.0
27.38	335.0
27.4	320.0
27.42	317.0
27.44	316.0
27.46	338.0
27.48	350.0
27.5	341.0
27.52	327.0
27.54	346.0
27.56	336.0
27.58	285.0
27.6	314.0
27.62	335.0
27.64	298.0
27.66	309.0
27.68	274.0
27.7	323.0
27.72	255.0
27.74	303.0
27.76	301.0
27.78	290.0
27.8	293.0
27.82	282.0
27.84	277.0
27.86	291.0
27.88	295.0
27.9	265.0
27.92	277.0
27.94	283.0
27.96	327.0
27.98	263.0
28.0	262.0
28.02	287.0
28.04	266.0
28.06	278.0
28.08	263.0
28.1	249.0
28.12	254.0
28.14	269.0
28.16	273.0
28.18	277.0
28.2	275.0
28.22	258.0
28.24	302.0
28.26	275.0
28.28	254.0
28.3	281.0
28.32	291.0
28.34	282.0
28.36	282.0
28.38	302.0
28.4	268.0
28.42	269.0
28.44	276.0
28.46	257.0
28.48	254.0
28.5	274.0
28.52	270.0
28.54	265.0
28.56	294.0
28.58	274.0
28.6	300.0
28.62	287.0
28.64	290.0
28.66	338.0
28.68	311.0
28.7	340.0
28.72	354.0
28.74	410.0
28.76	445.0
28.78	525.0
28.8	609.0
28.82	842.0
28.84	965.0
28.86	1227.0
28.88	1402.0
28.9	1409.0
28.92	1316.0
28.94	1275.0
28.96	1143.0
28.98	942.0
29.0	842.0
29.02	615.0
29.04	510.0
29.06	463.0
29.08	381.0
29.1	330.0
29.12	312.0
29.14	325.0
29.16	279.0
29.18	280.0
29.2	263.0
29.22	256.0
29.24	273.0
29.26	244.0
29.28	271.0
29.3	243.0
29.32	237.0
29.34	214.0
29.36	224.0
29.38	231.0
29.4	216.0
29.42	211.0
29.44	244.0
29.46	232.0
29.48	245.0
29.5	221.0
29.52	202.0
29.54	240.0
29.56	238.0
29.58	225.0
29.6	202.0
29.62	203.0
29.64	259.0
29.66	204.0
29.68	256.0
29.7	224.0
29.72	226.0
29.74	214.0
29.76	187.0
29.78	231.0
29.8	221.0
29.82	204.0
29.84	219.0
29.86	202.0
29.88	217.0
29.9	225.0
29.92	199.0
29.94	209.0
29.96	230.0
29.98	210.0
30.0	205.0
30.02	185.0
30.04	203.0
30.06	171.0
30.08	178.0
30.1	191.0
30.12	192.0
30.14	201.0
30.16	189.0
30.18	208.0
30.2	193.0
30.22	198.0
30.24	205.0
30.26	195.0
30.28	188.0
30.3	223.0
30.32	198.0
30.34	187.0
30.36	204.0
30.38	191.0
30.4	207.0
30.42	198.0
30.44	207.0
30.46	192.0
30.48	200.0
30.5	169.0
30.52	197.0
30.54	191.0
30.56	207.0
30.58	178.0
30.6	185.0
30.62	189.0
30.64	221.0
30.66	158.0
30.68	172.0
30.7	191.0
30.72	187.0
30.74	196.0
30.76	200.0
30.78	188.0
30.8	161.0
30.82	196.0
30.84	188.0
30.86	177.0
30.88	160.0
30.9	173.0
30.92	167.0
30.94	195.0
30.96	162.0
30.98	166.0
31.0	194.0
31.02	185.0
31.04	178.0
31.06	178.0
31.08	184.0
31.1	175.0
31.12	179.0
31.14	186.0
31.16	159.0
31.18	162.0
31.2	158.0
31.22	183.0
31.24	178.0
31.26	164.0
31.28	161.0
31.3	183.0
31.32	197.0
31.34	177.0
31.36	187.0
31.38	186.0
31.4	161.0
31.42	143.0
31.44	167.0
31.46	159.0
31.48	170.0
31.5	158.0
31.52	161.0
31.54	167.0
31.56	175.0
31.58	166.0
31.6	168.0
31.62	164.0
31.64	167.0
31.66	157.0
31.68	164.0
31.7	168.0
31.72	149.0
31.74	170.0
31.76	173.0
31.78	168.0
31.8	175.0
31.82	183.0
31.84	182.0
31.86	192.0
31.88	154.0
31.9	170.0
31.92	190.0
31.94	170.0
31.96	178.0
31.98	157.0
32.0	158.0
32.02	158.0
32.04	147.0
32.06	160.0
32.08	165.0
32.1	167.0
32.12	167.0
32.14	167.0
32.16	171.0
32.18	153.0
32.2	151.0
32.22	144.0
32.24	163.0
32.26	157.0
32.28	173.0
32.3	160.0
32.32	159.0
32.34	172.0
32.36	136.0
32.38	144.0
32.4	145.0
32.42	161.0
32.44	161.0
32.46	157.0
32.48	146.0
32.5	151.0
32.52	152.0
32.54	139.0
32.56	159.0
32.58	135.0
32.6	157.0
32.62	135.0
32.64	149.0
32.66	145.0
32.68	153.0
32.7	158.0
32.72	153.0
32.74	144.0
32.76	157.0
32.78	141.0
32.8	159.0
32.82	158.0
32.84	144.0
32.86	145.0
32.88	156.0
32.9	167.0
32.92	159.0
32.94	136.0
32.96	153.0
32.98	144.0
33.0	140.0
33.02	158.0
33.04	130.0
33.06	138.0
33.08	159.0
33.1	167.0
33.12	149.0
33.14	148.0
33.16	157.0
33.18	135.0
33.2	147.0
33.22	161.0
33.24	141.0
33.26	151.0
33.28	182.0
33.3	130.0
33.32	144.0
33.34	132.0
33.36	135.0
33.38	160.0
33.4	145.0
33.42	136.0
33.44	130.0
33.46	125.0
33.48	164.0
33.5	140.0
33.52	131.0
33.54	133.0
33.56	137.0
33.58	131.0
33.6	160.0
33.62	152.0
33.64	138.0
33.66	161.0
33.68	176.0
33.7	130.0
33.72	146.0
33.74	164.0
33.76	152.0
33.78	111.0
33.8	152.0
33.82	122.0
33.84	152.0
33.86	139.0
33.88	168.0
33.9	145.0
33.92	130.0
33.94	147.0
33.96	152.0
33.98	136.0
34.0	133.0
34.02	128.0
34.04	125.0
34.06	136.0
34.08	132.0
34.1	124.0
34.12	131.0
34.14	131.0
34.16	132.0
34.18	136.0
34.2	149.0
34.22	129.0
34.24	134.0
34.26	120.0
34.28	151.0
34.3	131.0
34.32	131.0
34.34	132.0
34.36	151.0
34.38	130.0
34.4	132.0
34.42	122.0
34.44	131.0
34.46	150.0
34.48	132.0
34.5	137.0
34.52	147.0
34.54	131.0
34.56	125.0
34.58	137.0
34.6	126.0
34.62	108.0
34.64	127.0
34.66	131.0
34.68	139.0
34.7	125.0
34.72	144.0
34.74	118.0
34.76	156.0
34.78	112.0
34.8	131.0
34.82	123.0
34.84	107.0
34.86	138.0
34.88	138.0
34.9	131.0
34.92	117.0
34.94	132.0
34.96	135.0
34.98	119.0
35.0	124.0
35.02	142.0
35.04	145.0
35.06	120.0
35.08	116.0
35.1	136.0
35.12	142.0
35.14	136.0
35.16	114.0
35.18	134.0
35.2	128.0
35.22	152.0
35.24	137.0
35.26	151.0
35.28	131.0
35.3	138.0
35.32	147.0
35.34	125.0
35.36	155.0
35.38	155.0
35.4	164.0
35.42	156.0
35.44	175.0
35.46	158.0
35.48	206.0
35.5	237.0
35.52	287.0
35.54	276.0
35.56	323.0
35.58	364.0
35.6	376.0
35.62	362.0
35.64	390.0
35.66	299.0
35.68	299.0
35.7	276.0
35.72	258.0
35.74	240.0
35.76	198.0
35.78	206.0
35.8	176.0
35.82	162.0
35.84	140.0
35.86	141.0
35.88	130.0
35.9	123.0
35.92	136.0
35.94	147.0
35.96	132.0
35.98	115.0
36.0	137.0
36.02	155.0
36.04	139.0
36.06	116.0
36.08	135.0
36.1	124.0
36.12	128.0
36.14	115.0
36.16	131.0
36.18	135.0
36.2	118.0
36.22	130.0
36.24	103.0
36.26	110.0
36.28	100.0
36.3	120.0
36.32	101.0
36.34	109.0
36.36	125.0
36.38	107.0
36.4	136.0
36.42	109.0
36.44	120.0
36.46	128.0
36.48	123.0
36.5	135.0
36.52	93.0
36.54	117.0
36.56	100.0
36.58	120.0
36.6	134.0
36.62	123.0
36.64	119.0
36.66	112.0
36.68	115.0
36.7	114.0
36.72	125.0
36.74	120.0
36.76	110.0
36.78	126.0
36.8	95.0
36.82	118.0
36.84	125.0
36.86	108.0
36.88	108.0
36.9	115.0
36.92	110.0
36.94	114.0
36.96	125.0
36.98	135.0
37.0	126.0
37.02	120.0
37.04	127.0
37.06	111.0
37.08	105.0
37.1	127.0
37.12	107.0
37.14	114.0
37.16	148.0
37.18	130.0
37.2	138.0
37.22	113.0
37.24	129.0
37.26	103.0
37.28	107.0
37.3	131.0
37.32	124.0
37.34	104.0
37.36	114.0
37.38	126.0
37.4	135.0
37.42	108.0
37.44	115.0
37.46	101.0
37.48	96.0
37.5	99.0
37.52	100.0
37.54	122.0
37.56	118.0
37.58	104.0
37.6	103.0
37.62	106.0
37.64	113.0
37.66	111.0
37.68	110.0
37.7	122.0
37.72	107.0
37.74	120.0
37.76	138.0
37.78	118.0
37.8	112.0
37.82	131.0
37.84	127.0
37.86	107.0
37.88	101.0
37.9	118.0
37.92	126.0
37.94	99.0
37.96	122.0
37.98	129.0
38.0	105.0
38.02	124.0
38.04	119.0
38.06	107.0
38.08	126.0
38.1	120.0
38.12	138.0
38.14	169.0
38.16	120.0
38.18	151.0
38.2	109.0
38.22	118.0
38.24	126.0
38.26	118.0
38.28	134.0
38.3	97.0
38.32	121.0
38.34	128.0
38.36	129.0
38.38	106.0
38.4	120.0
38.42	120.0
38.44	127.0
38.46	107.0
38.48	105.0
38.5	107.0
38.52	125.0
38.54	101.0
38.56	97.0
38.58	116.0
38.6	112.0
38.62	114.0
38.64	119.0
38.66	120.0
38.68	123.0
38.7	133.0
38.72	113.0
38.74	111.0
38.76	94.0
38.78	97.0
38.8	89.0
38.82	101.0
38.84	110.0
38.86	123.0
38.88	95.0
38.9	105.0
38.92	126.0
38.94	102.0
38.96	100.0
38.98	95.0
39.0	116.0
39.02	102.0
39.04	101.0
39.06	117.0
39.08	122.0
39.1	107.0
39.12	107.0
39.14	101.0
39.16	83.0
39.18	101.0
39.2	110.0
39.22	95.0
39.24	106.0
39.26	107.0
39.28	111.0
39.3	109.0
39.32	95.0
39.34	107.0
39.36	97.0
39.38	102.0
39.4	108.0
39.42	84.0
39.44	107.0
39.46	103.0
39.48	102.0
39.5	97.0
39.52	100.0
39.54	93.0
39.56	116.0
39.58	92.0
39.6	110.0
39.62	115.0
39.64	107.0
39.66	93.0
39.68	99.0
39.7	99.0
39.72	92.0
39.74	111.0
39.76	93.0
39.78	109.0
39.8	93.0
39.82	101.0
39.84	86.0
39.86	96.0
39.88	107.0
39.9	116.0
39.92	116.0
39.94	98.0
39.96	136.0
39.98	98.0
40.0	130.0
40.02	113.0
40.04	103.0
40.06	107.0
40.08	117.0
40.1	92.0
40.12	106.0
40.14	121.0
40.16	104.0
40.18	104.0
40.2	96.0
40.22	96.0
40.24	112.0
40.26	119.0
40.28	107.0
40.3	114.0
40.32	103.0
40.34	109.0
40.36	119.0
40.38	104.0
40.4	131.0
40.42	127.0
40.44	148.0
40.46	134.0
40.48	117.0
40.5	110.0
40.52	124.0
40.54	105.0
40.56	101.0
40.58	119.0
40.6	106.0
40.62	98.0
40.64	97.0
40.66	133.0
40.68	114.0
40.7	108.0
40.72	107.0
40.74	126.0
40.76	92.0
40.78	95.0
40.8	114.0
40.82	118.0
40.84	120.0
40.86	107.0
40.88	115.0
40.9	114.0
40.92	138.0
40.94	129.0
40.96	123.0
40.98	138.0
41.0	136.0
41.02	149.0
41.04	157.0
41.06	150.0
41.08	154.0
41.1	178.0
41.12	193.0
41.14	214.0
41.16	242.0
41.18	260.0
41.2	307.0
41.22	349.0
41.24	431.0
41.26	552.0
41.28	694.0
41.3	777.0
41.32	879.0
41.34	964.0
41.36	933.0
41.38	930.0
41.4	868.0
41.42	730.0
41.44	714.0
41.46	649.0
41.48	517.0
41.5	468.0
41.52	396.0
41.54	328.0
41.56	286.0
41.58	249.0
41.6	233.0
41.62	198.0
41.64	170.0
41.66	163.0
41.68	173.0
41.7	151.0
41.72	124.0
41.74	130.0
41.76	117.0
41.78	142.0
41.8	108.0
41.82	121.0
41.84	117.0
41.86	106.0
41.88	123.0
41.9	108.0
41.92	120.0
41.94	110.0
41.96	114.0
41.98	89.0
42.0	102.0
42.02	94.0
42.04	106.0
42.06	98.0
42.08	100.0
42.1	105.0
42.12	90.0
42.14	108.0
42.16	105.0
42.18	99.0
42.2	104.0
42.22	111.0
42.24	109.0
42.26	93.0
42.28	86.0
42.3	107.0
42.32	121.0
42.34	100.0
42.36	109.0
42.38	107.0
42.4	101.0
42.42	110.0
42.44	101.0
42.46	102.0
42.48	99.0
42.5	100.0
42.52	89.0
42.54	95.0
42.56	93.0
42.58	101.0
42.6	98.0
42.62	105.0
42.64	108.0
42.66	101.0
42.68	84.0
42.7	88.0
42.72	82.0
42.74	72.0
42.76	72.0
42.78	113.0
42.8	92.0
42.82	88.0
42.84	91.0
42.86	86.0
42.88	88.0
42.9	95.0
42.92	86.0
42.94	95.0
42.96	99.0
42.98	89.0
43.0	99.0
43.02	88.0
43.04	78.0
43.06	100.0
43.08	104.0
43.1	104.0
43.12	94.0
43.14	84.0
43.16	95.0
43.18	108.0
43.2	102.0
43.22	114.0
43.24	114.0
43.26	99.0
43.28	103.0
43.3	114.0
43.32	98.0
43.34	103.0
43.36	102.0
43.38	115.0
43.4	100.0
43.42	100.0
43.44	74.0
43.46	85.0
43.48	98.0
43.5	95.0
43.52	97.0
43.54	96.0
43.56	96.0
43.58	94.0
43.6	83.0
43.62	81.0
43.64	100.0
43.66	95.0
43.68	103.0
43.7	92.0
43.72	85.0
43.74	93.0
43.76	91.0
43.78	100.0
43.8	75.0
43.82	82.0
43.84	81.0
43.86	92.0
43.88	84.0
43.9	93.0
43.92	75.0
43.94	88.0
43.96	87.0
43.98	94.0
44.0	105.0
44.02	83.0
44.04	87.0
44.06	97.0
44.08	95.0
44.1	93.0
44.12	84.0
44.14	88.0
44.16	98.0
44.18	100.0
44.2	84.0
44.22	93.0
44.24	97.0
44.26	88.0
44.28	93.0
44.3	113.0
44.32	85.0
44.34	87.0
44.36	67.0
44.38	95.0
44.4	90.0
44.42	92.0
44.44	85.0
44.46	90.0
44.48	86.0
44.5	89.0
44.52	87.0
44.54	108.0
44.56	95.0
44.58	91.0
44.6	101.0
44.62	84.0
44.64	84.0
44.66	98.0
44.68	92.0
44.7	94.0
44.72	77.0
44.74	84.0
44.76	88.0
44.78	104.0
44.8	82.0
44.82	97.0
44.84	95.0
44.86	87.0
44.88	76.0
44.9	101.0
44.92	81.0
44.94	91.0
44.96	109.0
44.98	85.0
45.0	84.0
45.02	103.0
45.04	87.0
45.06	121.0
45.08	102.0
45.1	105.0
45.12	118.0
45.14	106.0
45.16	93.0
45.18	84.0
45.2	93.0
45.22	87.0
45.24	100.0
45.26	92.0
45.28	82.0
45.3	83.0
45.32	86.0
45.34	81.0
45.36	88.0
45.38	85.0
45.4	93.0
45.42	75.0
45.44	80.0
45.46	83.0
45.48	86.0
45.5	65.0
45.52	72.0
45.54	74.0
45.56	87.0
45.58	97.0
45.6	95.0
45.62	99.0
45.64	77.0
45.66	74.0
45.68	81.0
45.7	93.0
45.72	90.0
45.74	84.0
45.76	82.0
45.78	77.0
45.8	107.0
45.82	88.0
45.84	106.0
45.86	84.0
45.88	92.0
45.9	88.0
45.92	105.0
45.94	102.0
45.96	94.0
45.98	76.0
46.0	88.0
46.02	72.0
46.04	90.0
46.06	103.0
46.08	86.0
46.1	92.0
46.12	90.0
46.14	76.0
46.16	94.0
46.18	82.0
46.2	101.0
46.22	85.0
46.24	88.0
46.26	104.0
46.28	105.0
46.3	118.0
46.32	119.0
46.34	113.0
46.36	125.0
46.38	114.0
46.4	156.0
46.42	156.0
46.44	194.0
46.46	189.0
46.48	202.0
46.5	214.0
46.52	230.0
46.54	199.0
46.56	193.0
46.58	186.0
46.6	200.0
46.62	173.0
46.64	173.0
46.66	141.0
46.68	135.0
46.7	123.0
46.72	108.0
46.74	94.0
46.76	100.0
46.78	105.0
46.8	83.0
46.82	102.0
46.84	92.0
46.86	101.0
46.88	82.0
46.9	90.0
46.92	89.0
46.94	80.0
46.96	87.0
46.98	83.0
47.0	87.0
47.02	72.0
47.04	100.0
47.06	86.0
47.08	84.0
47.1	86.0
47.12	80.0
47.14	92.0
47.16	81.0
47.18	88.0
47.2	82.0
47.22	72.0
47.24	72.0
47.26	102.0
47.28	90.0
47.3	96.0
47.32	84.0
47.34	87.0
47.36	76.0
47.38	71.0
47.4	86.0
47.42	76.0
47.44	86.0
47.46	79.0
47.48	48.0
47.5	82.0
47.52	79.0
47.54	85.0
47.56	86.0
47.58	74.0
47.6	72.0
47.62	81.0
47.64	80.0
47.66	72.0
47.68	78.0
47.7	88.0
47.72	75.0
47.74	78.0
47.76	76.0
47.78	75.0
47.8	67.0
47.82	92.0
47.84	76.0
47.86	74.0
47.88	97.0
47.9	86.0
47.92	71.0
47.94	95.0
47.96	86.0
47.98	62.0
48.0	74.0
48.02	70.0
48.04	86.0
48.06	69.0
48.08	80.0
48.1	85.0
48.12	75.0
48.14	104.0
48.16	71.0
48.18	77.0
48.2	88.0
48.22	88.0
48.24	92.0
48.26	98.0
48.28	89.0
48.3	99.0
48.32	95.0
48.34	80.0
48.36	102.0
48.38	75.0
48.4	115.0
48.42	72.0
48.44	83.0
48.46	76.0
48.48	97.0
48.5	91.0
48.52	98.0
48.54	101.0
48.56	64.0
48.58	79.0
48.6	69.0
48.62	78.0
48.64	88.0
48.66	80.0
48.68	85.0
48.7	74.0
48.72	68.0
48.74	64.0
48.76	79.0
48.78	73.0
48.8	73.0
48.82	89.0
48.84	89.0
48.86	75.0
48.88	74.0
48.9	81.0
48.92	89.0
48.94	65.0
48.96	75.0
48.98	85.0
49.0	67.0
49.02	57.0
49.04	73.0
49.06	80.0
49.08	72.0
49.1	79.0
49.12	72.0
49.14	62.0
49.16	86.0
49.18	62.0
49.2	67.0
49.22	83.0
49.24	78.0
49.26	89.0
49.28	78.0
49.3	63.0
49.32	76.0
49.34	89.0
49.36	73.0
49.38	87.0
49.4	79.0
49.42	75.0
49.44	70.0
49.46	73.0
49.48	67.0
49.5	92.0
49.52	81.0
49.54	67.0
49.56	73.0
49.58	75.0
49.6	95.0
49.62	84.0
49.64	93.0
49.66	82.0
49.68	84.0
49.7	83.0
49.72	70.0
49.74	86.0
49.76	86.0
49.78	87.0
49.8	80.0
49.82	84.0
49.84	77.0
49.86	85.0
49.88	90.0
49.9	89.0
49.92	95.0
49.94	98.0
49.96	69.0
49.98	77.0
50.0	80.0
50.02	67.0
50.04	66.0
50.06	69.0
50.08	78.0
50.1	65.0
50.12	72.0
50.14	88.0
50.16	68.0
50.18	82.0
50.2	76.0
50.22	72.0
50.24	70.0
50.26	65.0
50.28	76.0
50.3	79.0
50.32	81.0
50.34	67.0
50.36	83.0
50.38	78.0
50.4	81.0
50.42	80.0
50.44	73.0
50.46	75.0
50.48	82.0
50.5	83.0
50.52	74.0
50.54	68.0
50.56	65.0
50.58	68.0
50.6	69.0
50.62	72.0
50.64	83.0
50.66	75.0
50.68	78.0
50.7	79.0
50.72	86.0
50.74	67.0
50.76	102.0
50.78	77.0
50.8	67.0
50.82	81.0
50.84	94.0
50.86	86.0
50.88	79.0
50.9	76.0
50.92	78.0
50.94	89.0
50.96	83.0
50.98	109.0
51.0	133.0
51.02	126.0
51.04	96.0
51.06	147.0
51.08	134.0
51.1	178.0
51.12	181.0
51.14	203.0
51.16	221.0
51.18	263.0
51.2	271.0
51.22	306.0
51.24	346.0
51.26	332.0
51.28	338.0
51.3	284.0
51.32	330.0
51.34	287.0
51.36	262.0
51.38	256.0
51.4	235.0
51.42	207.0
51.44	202.0
51.46	190.0
51.48	166.0
51.5	146.0
51.52	112.0
51.54	120.0
51.56	117.0
51.58	99.0
51.6	103.0
51.62	86.0
51.64	92.0
51.66	81.0
51.68	87.0
51.7	89.0
51.72	82.0
51.74	78.0
51.76	79.0
51.78	72.0
51.8	103.0
51.82	61.0
51.84	66.0
51.86	82.0
51.88	64.0
51.9	72.0
51.92	80.0
51.94	79.0
51.96	73.0
51.98	76.0
52.0	80.0
52.02	57.0
52.04	98.0
52.06	68.0
52.08	59.0
52.1	66.0
52.12	55.0
52.14	60.0
52.16	63.0
52.18	59.0
52.2	63.0
52.22	71.0
52.24	49.0
52.26	94.0
52.28	77.0
52.3	63.0
52.32	64.0
52.34	61.0
52.36	63.0
52.38	71.0
52.4	67.0
52.42	77.0
52.44	66.0
52.46	59.0
52.48	62.0
52.5	69.0
52.52	66.0
52.54	65.0
52.56	57.0
52.58	64.0
52.6	65.0
52.62	71.0
52.64	55.0
52.66	70.0
52.68	59.0
52.7	76.0
52.72	70.0
52.74	62.0
52.76	59.0
52.78	68.0
52.8	60.0
52.82	63.0
52.84	73.0
52.86	55.0
52.88	61.0
52.9	66.0
52.92	77.0
52.94	65.0
52.96	75.0
52.98	57.0
53.0	76.0
53.02	68.0
53.04	69.0
53.06	63.0
53.08	85.0
53.1	67.0
53.12	71.0
53.14	60.0
53.16	73.0
53.18	61.0
53.2	65.0
53.22	64.0
53.24	81.0
53.26	68.0
53.28	61.0
53.3	77.0
53.32	68.0
53.34	51.0
53.36	65.0
53.38	61.0
53.4	51.0
53.42	45.0
53.44	72.0
53.46	53.0
53.48	52.0
53.5	62.0
53.52	63.0
53.54	68.0
53.56	78.0
53.58	61.0
53.6	70.0
53.62	64.0
53.64	74.0
53.66	68.0
53.68	63.0
53.7	50.0
53.72	83.0
53.74	54.0
53.76	64.0
53.78	71.0
53.8	57.0
53.82	39.0
53.84	63.0
53.86	68.0
53.88	67.0
53.9	70.0
53.92	57.0
53.94	65.0
53.96	59.0
53.98	50.0
54.0	63.0
54.02	58.0
54.04	58.0
54.06	72.0
54.08	59.0
54.1	65.0
54.12	68.0
54.14	62.0
54.16	57.0
54.18	54.0
54.2	66.0
54.22	69.0
54.24	61.0
54.26	52.0
54.28	62.0
54.3	55.0
54.32	56.0
54.34	60.0
54.36	63.0
54.38	67.0
54.4	66.0
54.42	67.0
54.44	75.0
54.46	66.0
54.48	66.0
54.5	63.0
54.52	67.0
54.54	65.0
54.56	77.0
54.58	65.0
54.6	55.0
54.62	65.0
54.64	55.0
54.66	71.0
54.68	68.0
54.7	59.0
54.72	54.0
54.74	68.0
54.76	55.0
54.78	61.0
54.8	56.0
54.82	51.0
54.84	62.0
54.86	52.0
54.88	71.0
54.9	56.0
54.92	59.0
54.94	50.0
54.96	54.0
54.98	59.0
55.0	68.0
55.02	50.0
55.04	65.0
55.06	64.0
55.08	71.0
55.1	57.0
55.12	58.0
55.14	52.0
55.16	74.0
55.18	71.0
55.2	61.0
55.22	54.0
55.24	68.0
55.26	72.0
55.28	66.0
55.3	47.0
55.32	65.0
55.34	62.0
55.36	73.0
55.38	75.0
55.4	92.0
55.42	81.0
55.44	73.0
55.46	77.0
55.48	101.0
55.5	97.0
55.52	84.0
55.54	99.0
55.56	101.0
55.58	103.0
55.6	130.0
55.62	133.0
55.64	140.0
55.66	154.0
55.68	180.0
55.7	199.0
55.72	218.0
55.74	182.0
55.76	182.0
55.78	168.0
55.8	166.0
55.82	164.0
55.84	160.0
55.86	145.0
55.88	141.0
55.9	141.0
55.92	122.0
55.94	116.0
55.96	108.0
55.98	105.0
56.0	100.0
56.02	88.0
56.04	99.0
56.06	81.0
56.08	90.0
56.1	53.0
56.12	77.0
56.14	74.0
56.16	76.0
56.18	67.0
56.2	68.0
56.22	65.0
56.24	57.0
56.26	63.0
56.28	66.0
56.3	77.0
56.32	66.0
56.34	63.0
56.36	69.0
56.38	69.0
56.4	51.0
56.42	77.0
56.44	73.0
56.46	53.0
56.48	68.0
56.5	55.0
56.52	62.0
56.54	54.0
56.56	63.0
56.58	61.0
56.6	67.0
56.62	57.0
56.64	64.0
56.66	60.0
56.68	68.0
56.7	72.0
56.72	65.0
56.74	60.0
56.76	55.0
56.78	74.0
56.8	51.0
56.82	55.0
56.84	65.0
56.86	60.0
56.88	59.0
56.9	58.0
56.92	71.0
56.94	53.0
56.96	88.0
56.98	61.0
57.0	57.0
57.02	58.0
57.04	62.0
57.06	58.0
57.08	69.0
57.1	60.0
57.12	45.0
57.14	61.0
57.16	62.0
57.18	64.0
57.2	52.0
57.22	47.0
57.24	71.0
57.26	71.0
57.28	61.0
57.3	68.0
57.32	58.0
57.34	57.0
57.36	70.0
57.38	66.0
57.4	64.0
57.42	50.0
57.44	59.0
57.46	60.0
57.48	66.0
57.5	61.0
57.52	57.0
57.54	60.0
57.56	61.0
57.58	37.0
57.6	55.0
57.62	69.0
57.64	67.0
57.66	63.0
57.68	53.0
57.7	44.0
57.72	63.0
57.74	66.0
57.76	61.0
57.78	65.0
57.8	52.0
57.82	68.0
57.84	56.0
57.86	54.0
57.88	54.0
57.9	58.0
57.92	58.0
57.94	62.0
57.96	53.0
57.98	52.0
58.0	68.0
58.02	68.0
58.04	53.0
58.06	67.0
58.08	48.0
58.1	70.0
58.12	62.0
58.14	61.0
58.16	43.0
58.18	52.0
58.2	64.0
58.22	50.0
58.24	44.0
58.26	62.0
58.28	58.0
58.3	52.0
58.32	58.0
58.34	60.0
58.36	70.0
58.38	60.0
58.4	50.0
58.42	47.0
58.44	58.0
58.46	50.0
58.48	58.0
58.5	57.0
58.52	56.0
58.54	57.0
58.56	62.0
58.58	57.0
58.6	69.0
58.62	56.0
58.64	75.0
58.66	72.0
58.68	68.0
58.7	57.0
58.72	63.0
58.74	66.0
58.76	71.0
58.78	45.0
58.8	49.0
58.82	52.0
58.84	52.0
58.86	62.0
58.88	66.0
58.9	62.0
58.92	61.0
58.94	59.0
58.96	53.0
58.98	44.0
59.0	64.0
59.02	65.0
59.04	54.0
59.06	64.0
59.08	50.0
59.1	70.0
59.12	61.0
59.14	55.0
59.16	61.0
59.18	59.0
59.2	44.0
59.22	52.0
59.24	50.0
59.26	56.0
59.28	56.0
59.3	53.0
59.32	57.0
59.34	62.0
59.36	59.0
59.38	50.0
59.4	44.0
59.42	62.0
59.44	75.0
59.46	43.0
59.48	55.0
59.5	43.0
59.52	65.0
59.54	64.0
59.56	49.0
59.58	58.0
59.6	55.0
59.62	68.0
59.64	56.0
59.66	62.0
59.68	70.0
59.7	67.0
59.72	58.0
59.74	69.0
59.76	89.0
59.78	99.0
59.8	91.0
59.82	104.0
59.84	114.0
59.86	149.0
59.88	172.0
59.9	176.0
59.92	192.0
59.94	183.0
59.96	180.0
59.98	154.0
60.0	146.0
60.02	120.0
60.04	133.0
60.06	152.0
60.08	119.0
60.1	136.0
60.12	128.0
60.14	118.0
60.16	114.0
60.18	90.0
60.2	88.0
60.22	79.0
60.24	62.0
60.26	81.0
60.28	64.0
60.3	63.0
60.32	61.0
60.34	66.0
60.36	68.0
60.38	68.0
60.4	44.0
60.42	62.0
60.44	54.0
60.46	49.0
60.48	61.0
60.5	58.0
60.52	50.0
60.54	61.0
60.56	47.0
60.58	68.0
60.6	67.0
60.62	45.0
60.64	41.0
60.66	62.0
60.68	54.0
60.7	50.0
60.72	40.0
60.74	53.0
60.76	54.0
60.78	51.0
60.8	47.0
60.82	52.0
60.84	50.0
60.86	54.0
60.88	52.0
60.9	63.0
60.92	43.0
60.94	52.0
60.96	68.0
60.98	54.0
61.0	40.0
61.02	57.0
61.04	64.0
61.06	52.0
61.08	50.0
61.1	50.0
61.12	65.0
61.14	52.0
61.16	62.0
61.18	47.0
61.2	56.0
61.22	50.0
61.24	58.0
61.26	58.0
61.28	59.0
61.3	55.0
61.32	38.0
61.34	60.0
61.36	51.0
61.38	53.0
61.4	49.0
61.42	52.0
61.44	68.0
61.46	56.0
61.48	44.0
61.5	47.0
61.52	51.0
61.54	49.0
61.56	49.0
61.58	58.0
61.6	53.0
61.62	38.0
61.64	42.0
61.66	54.0
61.68	42.0
61.7	38.0
61.72	39.0
61.74	47.0
61.76	51.0
61.78	54.0
61.8	40.0
61.82	54.0
61.84	62.0
61.86	54.0
61.88	47.0
61.9	43.0
61.92	55.0
61.94	39.0
61.96	57.0
61.98	57.0
62.0	70.0
62.02	47.0
62.04	43.0
62.06	58.0
62.08	42.0
62.1	45.0
62.12	45.0
62.14	50.0
62.16	41.0
62.18	55.0
62.2	50.0
62.22	49.0
62.24	49.0
62.26	49.0
62.28	45.0
62.3	49.0
62.32	51.0
62.34	60.0
62.36	52.0
62.38	46.0
62.4	47.0
62.42	49.0
62.44	62.0
62.46	55.0
62.48	61.0
62.5	65.0
62.52	56.0
62.54	56.0
62.56	60.0
62.58	50.0
62.6	66.0
62.62	57.0
62.64	65.0
62.66	69.0
62.68	44.0
62.7	55.0
62.72	46.0
62.74	59.0
62.76	55.0
62.78	58.0
62.8	66.0
62.82	48.0
62.84	52.0
62.86	63.0
62.88	71.0
62.9	68.0
62.92	62.0
62.94	68.0
62.96	65.0
62.98	44.0
63.0	55.0
63.02	54.0
63.04	47.0
63.06	45.0
63.08	64.0
63.1	49.0
63.12	52.0
63.14	60.0
63.16	56.0
63.18	55.0
63.2	49.0
63.22	56.0
63.24	59.0
63.26	47.0
63.28	45.0
63.3	53.0
63.32	47.0
63.34	58.0
63.36	60.0
63.38	54.0
63.4	53.0
63.42	45.0
63.44	49.0
63.46	66.0
63.48	51.0
63.5	64.0
63.52	55.0
63.54	51.0
63.56	57.0
63.58	51.0
63.6	56.0
63.62	51.0
63.64	45.0
63.66	58.0
63.68	51.0
63.7	55.0
63.72	63.0
63.74	65.0
63.76	63.0
63.78	66.0
63.8	59.0
63.82	61.0
63.84	64.0
63.86	70.0
63.88	98.0
63.9	83.0
63.92	106.0
63.94	112.0
63.96	92.0
63.98	125.0
64.0	106.0
64.02	85.0
64.04	102.0
64.06	92.0
64.08	98.0
64.1	95.0
64.12	89.0
64.14	109.0
64.16	94.0
64.18	101.0
64.2	95.0
64.22	83.0
64.24	78.0
64.26	83.0
64.28	75.0
64.3	72.0
64.32	87.0
64.34	68.0
64.36	59.0
64.38	49.0
64.4	56.0
64.42	48.0
64.44	55.0
64.46	55.0
64.48	62.0
64.5	56.0
64.52	43.0
64.54	51.0
64.56	54.0
64.58	52.0
64.6	52.0
64.62	43.0
64.64	43.0
64.66	67.0
64.68	49.0
64.7	47.0
64.72	37.0
64.74	54.0
64.76	45.0
64.78	54.0
64.8	53.0
64.82	56.0
64.84	48.0
64.86	59.0
64.88	46.0
64.9	61.0
64.92	43.0
64.94	57.0
64.96	41.0
64.98	50.0
65.0	50.0
65.02	40.0
65.04	59.0
65.06	57.0
65.08	50.0
65.1	45.0
65.12	34.0
65.14	61.0
65.16	34.0
65.18	52.0
65.2	45.0
65.22	48.0
65.24	36.0
65.26	53.0
65.28	52.0
65.3	49.0
65.32	58.0
65.34	61.0
65.36	48.0
65.38	53.0
65.4	55.0
65.42	42.0
65.44	58.0
65.46	46.0
65.48	54.0
65.5	59.0
65.52	44.0
65.54	48.0
65.56	51.0
65.58	43.0
65.6	67.0
65.62	58.0
65.64	45.0
65.66	43.0
65.68	48.0
65.7	39.0
65.72	46.0
65.74	53.0
65.76	49.0
65.78	58.0
65.8	61.0
65.82	47.0
65.84	54.0
65.86	69.0
65.88	60.0
65.9	54.0
65.92	46.0
65.94	60.0
65.96	56.0
65.98	64.0
66.0	57.0
66.02	64.0
66.04	53.0
66.06	48.0
66.08	50.0
66.1	54.0
66.12	47.0
66.14	59.0
66.16	55.0
66.18	62.0
66.2	54.0
66.22	42.0
66.24	49.0
66.26	48.0
66.28	47.0
66.3	57.0
66.32	56.0
66.34	52.0
66.36	46.0
66.38	57.0
66.4	44.0
66.42	46.0
66.44	35.0
66.46	56.0
66.48	37.0
66.5	51.0
66.52	57.0
66.54	63.0
66.56	57.0
66.58	64.0
66.6	45.0
66.62	57.0
66.64	55.0
66.66	57.0
66.68	51.0
66.7	61.0
66.72	64.0
66.74	54.0
66.76	57.0
66.78	69.0
66.8	73.0
66.82	53.0
66.84	57.0
66.86	56.0
66.88	54.0
66.9	63.0
66.92	63.0
66.94	54.0
66.96	53.0
66.98	64.0
67.0	62.0
67.02	51.0
67.04	55.0
67.06	44.0
67.08	68.0
67.1	54.0
67.12	44.0
67.14	41.0
67.16	53.0
67.18	63.0
67.2	63.0
67.22	52.0
67.24	55.0
67.26	50.0
67.28	59.0
67.3	54.0
67.32	47.0
67.34	54.0
67.36	55.0
67.38	66.0
67.4	78.0
67.42	68.0
67.44	78.0
67.46	57.0
67.48	78.0
67.5	53.0
67.52	81.0
67.54	70.0
67.56	105.0
67.58	71.0
67.6	88.0
67.62	94.0
67.64	88.0
67.66	116.0
67.68	91.0
67.7	103.0
67.72	139.0
67.74	129.0
67.76	155.0
67.78	158.0
67.8	202.0
67.82	248.0
67.84	271.0
67.86	285.0
67.88	337.0
67.9	340.0
67.92	310.0
67.94	317.0
67.96	317.0
67.98	274.0
68.0	304.0
68.02	262.0
68.04	234.0
68.06	228.0
68.08	235.0
68.1	223.0
68.12	203.0
68.14	214.0
68.16	171.0
68.18	179.0
68.2	138.0
68.22	127.0
68.24	102.0
68.26	118.0
68.28	94.0
68.3	78.0
68.32	94.0
68.34	78.0
68.36	69.0
68.38	71.0
68.4	75.0
68.42	78.0
68.44	61.0
68.46	61.0
68.48	75.0
68.5	67.0
68.52	54.0
68.54	45.0
68.56	56.0
68.58	52.0
68.6	65.0
68.62	56.0
68.64	53.0
68.66	60.0
68.68	48.0
68.7	37.0
68.72	48.0
68.74	50.0
68.76	57.0
68.78	47.0
68.8	65.0
68.82	42.0
68.84	37.0
68.86	47.0
68.88	50.0
68.9	58.0
68.92	56.0
68.94	54.0
68.96	48.0
68.98	47.0
69.0	52.0
69.02	50.0
69.04	53.0
69.06	55.0
69.08	46.0
69.1	49.0
69.12	54.0
69.14	53.0
69.16	46.0
69.18	52.0
69.2	46.0
69.22	43.0
69.24	48.0
69.26	43.0
69.28	64.0
69.3	49.0
69.32	57.0
69.34	51.0
69.36	51.0
69.38	46.0
69.4	59.0
69.42	39.0
69.44	45.0
69.46	32.0
69.48	40.0
69.5	45.0
69.52	44.0
69.54	54.0
69.56	45.0
69.58	38.0
69.6	52.0
69.62	42.0
69.64	38.0
69.66	49.0
69.68	38.0
69.7	45.0
69.72	48.0
69.74	46.0
69.76	45.0
69.78	48.0
69.8	47.0
69.82	50.0
69.84	48.0
69.86	38.0
69.88	60.0
69.9	49.0
69.92	47.0
69.94	62.0
69.96	55.0
69.98	48.0
70.0	42.0
70.02	46.0
70.04	47.0
70.06	40.0
70.08	44.0
70.1	44.0
70.12	56.0
70.14	41.0
70.16	45.0
70.18	42.0
70.2	49.0
70.22	45.0
70.24	46.0
70.26	48.0
70.28	39.0
70.3	47.0
70.32	41.0
70.34	41.0
70.36	48.0
70.38	55.0
70.4	51.0
70.42	57.0
70.44	46.0
70.46	49.0
70.48	62.0
70.5	60.0
70.52	48.0
70.54	48.0
70.56	46.0
70.58	49.0
70.6	48.0
70.62	43.0
70.64	49.0
70.66	49.0
70.68	47.0
70.7	61.0
70.72	59.0
70.74	44.0
70.76	54.0
70.78	67.0
70.8	48.0
70.82	62.0
70.84	45.0
70.86	47.0
70.88	49.0
70.9	66.0
70.92	49.0
70.94	45.0
70.96	45.0
70.98	46.0
71.0	39.0
71.02	54.0
71.04	57.0
71.06	44.0
71.08	46.0
71.1	49.0
71.12	50.0
71.14	41.0
71.16	43.0
71.18	42.0
71.2	45.0
71.22	49.0
71.24	50.0
71.26	38.0
71.28	44.0
71.3	52.0
71.32	39.0
71.34	41.0
71.36	41.0
71.38	46.0
71.4	39.0
71.42	44.0
71.44	55.0
71.46	45.0
71.48	64.0
71.5	40.0
71.52	53.0
71.54	56.0
71.56	51.0
71.58	49.0
71.6	59.0
71.62	67.0
71.64	53.0
71.66	63.0
71.68	69.0
71.7	73.0
71.72	66.0
71.74	71.0
71.76	78.0
71.78	48.0
71.8	88.0
71.82	62.0
71.84	67.0
71.86	59.0
71.88	69.0
71.9	58.0
71.92	63.0
71.94	70.0
71.96	60.0
71.98	46.0
72.0	46.0
72.02	44.0
72.04	51.0
72.06	59.0
72.08	45.0
72.1	54.0
72.12	49.0
72.14	48.0
72.16	45.0
72.18	69.0
72.2	45.0
72.22	52.0
72.24	34.0
72.26	56.0
72.28	67.0
72.3	39.0
72.32	40.0
72.34	44.0
72.36	55.0
72.38	52.0
72.4	49.0
72.42	46.0
72.44	44.0
72.46	60.0
72.48	52.0
72.5	47.0
72.52	35.0
72.54	51.0
72.56	52.0
72.58	49.0
72.6	41.0
72.62	48.0
72.64	58.0
72.66	53.0
72.68	49.0
72.7	45.0
72.72	49.0
72.74	40.0
72.76	37.0
72.78	45.0
72.8	39.0
72.82	35.0
72.84	46.0
72.86	42.0
72.88	56.0
72.9	42.0
72.92	43.0
72.94	46.0
72.96	47.0
72.98	54.0
73.0	49.0
73.02	48.0
73.04	53.0
73.06	54.0
73.08	57.0
73.1	55.0
73.12	49.0
73.14	60.0
73.16	45.0
73.18	51.0
73.2	52.0
73.22	58.0
73.24	49.0
73.26	47.0
73.28	55.0
73.3	40.0
73.32	56.0
73.34	58.0
73.36	49.0
73.38	48.0
73.4	43.0
73.42	47.0
73.44	46.0
73.46	37.0
73.48	53.0
73.5	52.0
73.52	47.0
73.54	52.0
73.56	37.0
73.58	38.0
73.6	51.0
73.62	43.0
73.64	58.0
73.66	34.0
73.68	33.0
73.7	53.0
73.72	46.0
73.74	44.0
73.76	45.0
73.78	42.0
73.8	50.0
73.82	34.0
73.84	49.0
73.86	47.0
73.88	46.0
73.9	41.0
73.92	41.0
73.94	31.0
73.96	49.0
73.98	33.0
74.0	40.0
74.02	44.0
74.04	42.0
74.06	41.0
74.08	37.0
74.1	38.0
74.12	49.0
74.14	46.0
74.16	45.0
74.18	35.0
74.2	50.0
74.22	57.0
74.24	44.0
74.26	37.0
74.28	49.0
74.3	47.0
74.32	54.0
74.34	51.0
74.36	40.0
74.38	45.0
74.4	61.0
74.42	49.0
74.44	45.0
74.46	48.0
74.48	35.0
74.5	46.0
74.52	35.0
74.54	47.0
74.56	48.0
74.58	56.0
74.6	48.0
74.62	39.0
74.64	39.0
74.66	47.0
74.68	54.0
74.7	39.0
74.72	51.0
74.74	50.0
74.76	49.0
74.78	44.0
74.8	43.0
74.82	45.0
74.84	42.0
74.86	36.0
74.88	42.0
74.9	52.0
74.92	51.0
74.94	49.0
74.96	43.0
74.98	55.0
75.0	28.0
75.02	47.0
75.04	52.0
75.06	65.0
75.08	73.0
75.1	69.0
75.12	75.0
75.14	66.0
75.16	72.0
75.18	77.0
75.2	85.0
75.22	81.0
75.24	89.0
75.26	85.0
75.28	102.0
75.3	103.0
75.32	136.0
75.34	143.0
75.36	150.0
75.38	171.0
75.4	213.0
75.42	210.0
75.44	231.0
75.46	197.0
75.48	222.0
75.5	175.0
75.52	204.0
75.54	191.0
75.56	186.0
75.58	178.0
75.6	187.0
75.62	170.0
75.64	158.0
75.66	185.0
75.68	140.0
75.7	141.0
75.72	141.0
75.74	118.0
75.76	111.0
75.78	112.0
75.8	104.0
75.82	86.0
75.84	79.0
75.86	77.0
75.88	108.0
75.9	81.0
75.92	65.0
75.94	52.0
75.96	51.0
75.98	79.0
76.0	53.0
76.02	55.0
76.04	51.0
76.06	46.0
76.08	56.0
76.1	55.0
76.12	43.0
76.14	48.0
76.16	51.0
76.18	57.0
76.2	40.0
76.22	67.0
76.24	46.0
76.26	47.0
76.28	53.0
76.3	58.0
76.32	42.0
76.34	42.0
76.36	50.0
76.38	42.0
76.4	43.0
76.42	40.0
76.44	57.0
76.46	33.0
76.48	56.0
76.5	35.0
76.52	41.0
76.54	43.0
76.56	42.0
76.58	45.0
76.6	56.0
76.62	42.0
76.64	36.0
76.66	46.0
76.68	38.0
76.7	60.0
76.72	41.0
76.74	38.0
76.76	56.0
76.78	41.0
76.8	51.0
76.82	54.0
76.84	40.0
76.86	48.0
76.88	58.0
76.9	63.0
76.92	42.0
76.94	53.0
76.96	50.0
76.98	37.0
77.0	41.0
77.02	44.0
77.04	52.0
77.06	43.0
77.08	37.0
77.1	44.0
77.12	41.0
77.14	39.0
77.16	36.0
77.18	46.0
77.2	34.0
77.22	44.0
77.24	39.0
77.26	44.0
77.28	39.0
77.3	42.0
77.32	42.0
77.34	47.0
77.36	33.0
77.38	41.0
77.4	42.0
77.42	34.0
77.44	34.0
77.46	52.0
77.48	54.0
77.5	42.0
77.52	43.0
77.54	40.0
77.56	41.0
77.58	42.0
77.6	43.0
77.62	38.0
77.64	35.0
77.66	45.0
77.68	44.0
77.7	45.0
77.72	51.0
77.74	29.0
77.76	35.0
77.78	33.0
77.8	39.0
77.82	57.0
77.84	33.0
77.86	42.0
77.88	44.0
77.9	45.0
77.92	37.0
77.94	40.0
77.96	52.0
77.98	38.0
78.0	50.0
78.02	27.0
78.04	54.0
78.06	41.0
78.08	35.0
78.1	38.0
78.12	60.0
78.14	37.0
78.16	35.0
78.18	53.0
78.2	40.0
78.22	44.0
78.24	50.0
78.26	43.0
78.28	33.0
78.3	41.0
78.32	40.0
78.34	45.0
78.36	46.0
78.38	35.0
78.4	35.0
78.42	40.0
78.44	54.0
78.46	47.0
78.48	32.0
78.5	44.0
78.52	36.0
78.54	34.0
78.56	49.0
78.58	45.0
78.6	37.0
78.62	38.0
78.64	37.0
78.66	41.0
78.68	43.0
78.7	35.0
78.72	40.0
78.74	46.0
78.76	46.0
78.78	46.0
78.8	44.0
78.82	47.0
78.84	43.0
78.86	48.0
78.88	41.0
78.9	51.0
78.92	55.0
78.94	54.0
78.96	47.0
78.98	55.0
79.0	75.0
79.02	53.0
79.04	74.0
79.06	87.0
79.08	72.0
79.1	80.0
79.12	89.0
79.14	83.0
79.16	81.0
79.18	67.0
79.2	89.0
79.22	71.0
79.24	60.0
79.26	81.0
79.28	54.0
79.3	55.0
79.32	73.0
79.34	70.0
79.36	73.0
79.38	69.0
79.4	49.0
79.42	75.0
79.44	70.0
79.46	45.0
79.48	53.0
79.5	46.0
79.52	48.0
79.54	52.0
79.56	41.0
79.58	42.0
79.6	40.0
79.62	41.0
79.64	34.0
79.66	47.0
79.68	47.0
79.7	40.0
79.72	36.0
79.74	34.0
79.76	40.0
79.78	35.0
79.8	31.0
79.82	34.0
79.84	35.0
79.86	49.0
79.88	36.0
79.9	46.0
79.92	47.0
79.94	30.0
79.96	44.0
79.98	45.0
